-1.7294719102536682 41.01473897039809
-1.6986844918441006 41.20682844030343
-1.6967036836743672 41.466831840259566
-1.665350320073446 41.73597553798638
-1.6634261064228486 41.99177063468928
-1.6320161483027933 42.27191754470709
-1.630091934652195 42.5309973696491
-1.5987385710512738 42.807048116524896
-1.5674418019694896 43.07714844876731
-1.4775697055827335 43.341163443291855
-1.3582684592456573 43.62247263609071
-1.0632412309936736 43.88194307406575
-0.41693182246928107 44.071617703185886
0.6094097820482194 44.11123632594848
1.635015657816961 44.04786361168803
2.5724472727730063 43.95297520850943
3.5097656986907815 43.84253039163954
4.417654974658232 43.7166475298608
5.296171695194495 43.58329299771989
6.233320337554867 43.450345254119426
7.1411530190031804 43.31780305817985
8.048985700451498 43.185665172806765
8.956818381899817 43.05393036467949
9.86482084690554 42.945744663208814
10.802082678304176 42.830133062180316
11.768830254172277 42.73786790784673
12.735464641002098 42.630476406541106
13.760900733213434 42.54628671382551
14.727704903600669 42.46226328489482
15.69462226302617 42.39364028087454
16.690855583363728 42.32512817807143
17.657886131827503 42.27191754470709
