-24.731182795698942 44.05300820086192
-21.505376344086017 44.1946318142778
-18.27956989247312 44.31774051218281
-14.516129032258078 44.43168366599998
-11.827956989247326 44.555452696248615
-6.989247311827938 44.66044958767855
1.0752688172042895 44.78485586895944
10.215053763440835 44.78485586895944
17.741935483870975 44.77527386387363
25.268817204301058 44.7369663404545
33.33333333333334 44.65089420010879
40.32258064516128 44.5649876591309
44.623655913978496 44.4411921420431
53.225806451612925 44.43168366599998
66.12903225806451 44.2987784153689
75.80645161290323 44.251408661230045
83.87096774193549 44.17572239160793
91.93548387096777 44.090730062252675
102.15053763440861 44.05300820086192
111.29032258064515 43.96825196871915
120.4301075268817 43.91183842645439
127.41935483870972 43.87426961595393
134.40860215053763 43.83673294748103
141.93548387096777 43.79922839353662
148.92473118279568 43.76175592664505
156.45161290322582 43.714960423629314
163.97849462365596 43.67756005227066
172.04301075268822 43.6308545819378
179.5698924731183 43.584199054892885
187.63440860215056 43.53759341773037
195.16129032258064 43.50034479286361
202.68817204301078 43.45382882308963
210.75268817204304 43.407362593966084
218.8172043010753 43.36094605230409
