-32.92993647450037 42.648338483155115
-30.80879420785226 42.87975492865876
-28.381961142796577 43.08895731824716
-25.649437279333355 43.275608944748775
-22.308830640620556 43.486482889822014
-18.966024787530728 43.65099366362804
-15.316428528844824 43.76852123295489
-11.970323854189445 43.86264881947855
-8.012837582718944 43.90913282466
-4.35994250246749 43.955753606828765
-0.705947815027514 43.97855719122295
2.6434556811934016 44.00146021174099
5.9950583917913605 43.97663090340702
9.348860316766363 43.90415004017155
13.616435815398475 43.83152683361254
17.273729324404 43.78294565617429
20.628630856567483 43.6870755050705
24.28702397276153 43.61498504101799
27.029444300921412 43.59054738986088
29.774063843458336 43.51887614713971
33.1267661612448 43.470728048980206
36.17597689500076 43.39916740531078
38.92389525910323 43.25734668870345
41.67071401601716 43.13938800809352
44.115140796089094 42.97517963790508
47.47004232825263 42.88107822686816
49.911170286759 42.78743843287504
53.267171426111034 42.670591234520735
56.62097335108602 42.60026294370102
59.975874883249546 42.506982476060806
63.94105840503964 42.39073236962257
67.29815915158018 42.25203879202583
70.34736988533614 42.182484330253395
73.09418864225007 42.067456697323124
76.14339937600606 41.99820609090576
78.88801891854295 41.92915296350009
81.32914687704933 41.83759189721731
83.77137444274426 41.72358782400378
87.12407676053071 41.67742598390194
90.47897829269424 41.58616622358177
92.92120585838914 41.4728472651085
96.58069858177167 41.38195307368253
99.9366997211237 41.268944081880534
103.29160125328723 41.17857876164619
106.03732040301263 41.08857492432259
109.08763074395712 40.9986861803173
112.13794108490161 40.9089940843173
115.18935103303458 40.79735791164261
119.15343494763617 40.70786311148766
122.81402727820723 40.596614148784944
126.78031040718587 40.463629424459064
130.74439432178747 40.37486670514946
134.70957784357756 40.26444760977973
138.67366175817915 40.17612182407589
142.0307625047197 40.04467398729033
145.69135483529078 39.93523742878923
149.96002994111137 39.84755447659685
153.3171306876519 39.71718164319894
157.2812146022535 39.63005636313612
161.85338129210464 39.564424294463976
166.12205639792535 39.47755551022007
170.08394109814986 39.43372159517604
174.04472619118587 39.411312852819215
178.61689288103713 39.3460430493167
183.18795996369977 39.30219865902856
187.75902704636235 39.258403125764154
192.63358571305548 39.235859656276716
196.89896199731066 39.21348527825969
199.94707312387806 39.170178534172514
203.60436663288357 39.126763815792295
206.9592681650471 39.041089160900874
210.6165616740526 38.99781752021384
213.05439081099343 38.97604448702019