V838Mon -25.465023435723623 5186.051597666152 3.1618753127287765e+38
V838Mon -23.3797621088885 5362.223636469202 3.3565489241405475e+38
V838Mon -22.27332674491631 5371.922011278696 3.314377006779234e+38
V838Mon -21.69882894276415 5342.841905731736 3.252752791568516e+38
V838Mon -20.64968935047663 5264.988089238998 3.0750424231671255e+38
V838Mon -18.750035890270073 5118.436464700427 2.9309589023369744e+38
V838Mon -16.788786614164106 5060.955165536749 2.985464582258197e+38
V838Mon -15.746360163682052 5011.968406117878 2.960431514942277e+38
V838Mon -10.898120436374565 4785.104843740815 2.485718538244027e+38
V838Mon -6.817840953029194 4660.843376948958 2.0961148337739568e+38
V838Mon -3.750859423498376 5215.446196599198 1.7973684446320634e+38
V838Mon -2.9305060568044965 6794.29237866683 1.3253893909391766e+39
V838Mon -2.793607745324067 6819.8080940837835 1.6208516965841674e+39
V838Mon -2.1277544223679072 6984.485907347533 2.423993354686526e+39
V838Mon -1.8219458563841116 7084.325912293946 2.716948787421978e+39
V838Mon -0.9584103283722598 7224.55121086123 3.3921216482690045e+39
V838Mon 0.0 7199.652845487373 4.766728594458998e+39
V838Mon 1.809563685328392 7208.090887508803 4.217051637952179e+39
V838Mon 2.8978663624589487 7296.161103277915 3.433799707306828e+39
V838Mon 3.830511665808558 7119.472092289967 2.848756025565131e+39
V838Mon 4.877240143164805 6858.734809374937 2.443151969988289e+39
V838Mon 6.1432900247462925 6506.11802985991 2.1750062021077365e+39
V838Mon 6.639488601622773 6405.263367177315 2.1039327311806605e+39
V838Mon 7.64466089441796 6195.514994471829 2.0606214720191756e+39
V838Mon 9.090134705070149 5820.095612986177 2.0392046999525158e+39
V838Mon 10.151751215755503 5634.721047372574 2.0306533954230986e+39
V838Mon 11.238114880463726 5505.128087395466 2.03054646403215e+39
V838Mon 12.687804528984536 5224.805761544441 2.051580584306066e+39
V838Mon 13.83261498902435 5069.188704389685 2.0814847904769274e+39
V838Mon 14.414771445363506 5016.850856720207 2.1031351720952676e+39
V838Mon 15.361062903525351 4925.109053335667 2.129390665677675e+39
V838Mon 16.082385479548186 4835.866808188623 2.1515280060820768e+39
V838Mon 17.68072940328578 4638.119219227865 2.1964839382071942e+39
V838Mon 19.456741132677912 4442.392178491018 2.2563683581416495e+39
V838Mon 20.63002505954075 4335.5282453639575 2.2892696428570473e+39
V838Mon 21.42448131930415 4330.497019106233 2.337189822663907e+39
V838Mon 22.229561067908776 4352.018358474407 2.3960350983695234e+39
V838Mon 23.044471433854866 4504.09245021032 2.481976951416161e+39
V838Mon 23.87243757130868 4744.513505853852 2.5444676471160938e+39
V838Mon 24.428691793461596 4821.5035439618205 2.6248465777154862e+39
V838Mon 26.12661195475569 4981.88660906651 2.923697441676417e+39
V838Mon 26.848403825034595 5150.760306233549 3.0538210685686984e+39
V838Mon 27.139281647455626 5147.082088046628 3.1113487680258245e+39
V838Mon 27.72377762671799 5139.690999502266 3.2565910011496305e+39
V838Mon 29.814821360331386 5113.249261776757 3.7731805811278e+39
V838Mon 30.73319863973007 5100.892259129922 3.990459601286561e+39
V838Mon 31.195983378704987 5094.633835375686 4.133656151752652e+39
V838Mon 32.13946640947113 5048.433386668723 4.2289491311487244e+39
V838Mon 33.26316331946591 5001.2277713256535 4.193842809581074e+39
V838Mon 33.59085714811794 4974.159236280772 4.107682004368759e+39
V838Mon 34.2461538023689 4888.808783560324 4.0483694227500386e+39
V838Mon 35.0726188846072 4787.446410037783 4.006483157810536e+39
V838Mon 35.90924489060736 4718.343640073368 3.956812135050946e+39
V838Mon 37.09398120535395 4606.807133247859 3.956666281732063e+39
V838Mon 38.46852303565955 4512.344084422303 4.0310743577209995e+39
V838Mon 39.517159784826255 4469.409118563505 4.072981775974816e+39
V838Mon 49.26550685519759 4070.2766744843666 4.157232390205916e+39
V838Mon 50.669824693028 4035.6571841175805 4.1917232069016314e+39
V838Mon 52.097390909798 3994.9115748152235 4.226500179463713e+39
V838Mon 53.95071042211209 3953.3331859737596 4.601552924447964e+39
V838Mon 55.67634027803725 3908.6803879102426 4.079657669193941e+39
V838Mon 57.18825425497804 3883.5689708726054 4.087980252390959e+39
V838Mon 61.65355174591385 3678.118916235395 4.0119301773415194e+39
V838Mon 63.538635405488144 3603.7531103496713 3.405258397970578e+39
V838Mon 66.18797584751522 3535.2689959643517 2.7441826888042463e+39
V838Mon 83.54345193767216 3018.4727672746385 1.0324174151357539e+39
V838Mon 84.11054182262757 2993.7020447956165 1.011206816684116e+39
V838Mon 118.20884009376755 2005.4126533714582 5.075050436509976e+38
V838Mon 195.5140839890933 1724.1815935025884 3.461359786865475e+38
V838Mon 217.1467226798835 1923.2067554864996 3.145649612993296e+38
V838Mon 264.4618321025272 2130.408005373402 2.9363504710800946e+38
V838Mon 351.2917342726919 2179.652350019622 2.379864479060124e+38
V838Mon 435.8797886375742 2286.583484559981 1.981825621105918e+38
V838Mon 465.62074311850716 2296.294466786496 1.8970701150747167e+38
V838Mon 583.7057379033838 2429.789787314844 1.7597007536023983e+38
V838Mon 613.5875791782387 2427.882154409534 1.6567686898894756e+38
V838Mon 821.1415532002499 2475.750306148656 1.4771780229786334e+38